7.365566e-04 9.756947e+04
6.084082e-04 1.040237e+05
5.630994e-04 1.136082e+05
3.911882e-04 1.037353e+05
2.421259e-04 1.075826e+05
2.251583e-04 1.028463e+05
1.561025e-04 1.022130e+05
1.317349e-04 1.080565e+05
1.292557e-04 1.039850e+05
9.985881e-05 1.025579e+05
6.732995e-05 9.798411e+04
4.544504e-05 1.034874e+05
2.787307e-05 9.559788e+04
1.806264e-05 8.876095e+04
1.683413e-05 8.086678e+04
1.159339e-05 8.552649e+04
7.655149e-06 8.553612e+04
7.318989e-06 7.864733e+04
4.906705e-06 7.387603e+04
3.687273e-06 6.954921e+04
2.487560e-06 7.585454e+04
2.049937e-06 6.863741e+04
2.080694e-06 7.255636e+04
1.809063e-06 7.019012e+04
2.485472e-06 6.478281e+04
2.605307e-06 6.081653e+04
2.576011e-06 6.253345e+04
2.387853e-06 6.847199e+04
3.498704e-06 6.270435e+04
2.335135e-06 6.767499e+04
2.680549e-06 6.167256e+04
2.878305e-06 5.823657e+04
3.047172e-06 5.538695e+04
2.703640e-06 5.341739e+04
2.424027e-06 5.607888e+04
2.677646e-06 5.749981e+04
3.411112e-06 5.807142e+04
3.069157e-06 5.327297e+04
3.749681e-06 5.263335e+04
2.474760e-06 5.611189e+04
1.848089e-06 5.295867e+04
2.829819e-06 5.229789e+04
2.342976e-06 4.967110e+04
2.954684e-06 4.654486e+04
3.101359e-06 4.719476e+04
2.719517e-06 4.466790e+04
2.480679e-06 4.299664e+04
3.238263e-06 4.314604e+04
3.559912e-06 4.083582e+04
2.677816e-06 3.767757e+04
2.854125e-06 4.058045e+04
2.497547e-06 4.248604e+04
2.445674e-06 3.993847e+04
2.817293e-06 4.026880e+04
2.629635e-06 4.408529e+04
2.843170e-06 4.148419e+04
2.962963e-06 4.068691e+04
3.375140e-06 3.829440e+04
2.935579e-06 3.741461e+04
3.053044e-06 3.489096e+04
2.405803e-06 3.665510e+04
2.548235e-06 3.768805e+04
2.735542e-06 3.615648e+04
2.877778e-06 3.991977e+04
2.793779e-06 4.065798e+04
3.696195e-06 3.990158e+04
2.606190e-06 3.668313e+04
2.443639e-06 3.980533e+04
2.953404e-06 4.233903e+04
2.368015e-06 4.398865e+04
2.761706e-06 4.682544e+04
2.695750e-06 4.473580e+04
2.971683e-06 4.930453e+04
2.285552e-06 4.547878e+04
3.237615e-06 4.733447e+04
2.628033e-06 4.428201e+04
2.734190e-06 4.818998e+04
2.922536e-06 4.529027e+04
2.738596e-06 4.619153e+04
3.168443e-06 4.532052e+04
2.665826e-06 4.544590e+04
2.282936e-06 4.362216e+04
2.177538e-06 4.152310e+04
3.061268e-06 4.420561e+04
2.733115e-06 4.664362e+04
2.763930e-06 4.300247e+04
3.303484e-06 4.506837e+04
3.425802e-06 4.683656e+04
2.278997e-06 4.831821e+04
3.150485e-06 4.904056e+04
2.933981e-06 4.795174e+04
2.587007e-06 4.588795e+04
2.782647e-06 4.294252e+04
2.882879e-06 4.051848e+04
2.557173e-06 3.984196e+04
3.056391e-06 3.959030e+04
2.999336e-06 4.097839e+04
2.786382e-06 4.245970e+04
2.532635e-06 4.523099e+04
2.235678e-06 4.239589e+04
2.297998e-06 4.120634e+04
2.911346e-06 4.334929e+04
2.836987e-06 3.940071e+04
2.818435e-06 3.793784e+04
2.959882e-06 3.665645e+04
3.072614e-06 3.700755e+04
3.005643e-06 3.838771e+04
2.644879e-06 3.610576e+04
2.659917e-06 3.501036e+04
2.914118e-06 3.616700e+04
3.050578e-06 3.405878e+04
2.671902e-06 3.161128e+04
2.975511e-06 3.130440e+04
2.741626e-06 2.874974e+04
2.801869e-06 2.935469e+04
2.261016e-06 2.754008e+04
2.951321e-06 2.659669e+04
2.335218e-06 2.802699e+04
2.595078e-06 2.997599e+04
2.637002e-06 3.301181e+04
2.448913e-06 3.500204e+04
2.954435e-06 3.386361e+04
2.272364e-06 3.503195e+04
2.771373e-06 3.438430e+04
2.771976e-06 3.526904e+04
2.580073e-06 3.367840e+04
3.317749e-06 3.612527e+04
2.930144e-06 3.429502e+04
2.281333e-06 3.488402e+04
2.758389e-06 3.376252e+04
2.853348e-06 3.387560e+04
2.457549e-06 3.569022e+04
2.594193e-06 3.457675e+04
2.704659e-06 3.741199e+04
2.634712e-06 3.730475e+04
3.308838e-06 3.888148e+04
3.226828e-06 3.898604e+04
2.700511e-06 3.700704e+04
2.138776e-06 3.929381e+04
2.921474e-06 3.987426e+04
2.351045e-06 3.845957e+04
3.212682e-06 3.890110e+04
2.471506e-06 3.527016e+04
2.850299e-06 3.509611e+04
2.451376e-06 3.395673e+04
2.364457e-06 3.745141e+04
3.321478e-06 3.903546e+04
2.414958e-06 4.019379e+04
2.953603e-06 3.884979e+04
2.026389e-06 3.839420e+04
2.853361e-06 3.897900e+04
2.457202e-06 4.304417e+04
2.786597e-06 4.486097e+04
2.743754e-06 4.650173e+04
2.341171e-06 4.263267e+04
2.476352e-06 4.637927e+04
2.265061e-06 4.354538e+04
2.521544e-06 4.128442e+04
2.910981e-06 4.504519e+04
2.356212e-06 4.409546e+04
2.707169e-06 4.383096e+04
2.650814e-06 4.324273e+04
1.807839e-06 4.433176e+04
2.043854e-06 4.784086e+04
2.366460e-06 5.235525e+04
2.341990e-06 4.849579e+04
2.479255e-06 4.523771e+04
2.547387e-06 4.140908e+04
2.860156e-06 3.777490e+04
2.533865e-06 3.868450e+04
2.565979e-06 3.815154e+04
