9.212820e-04 9.871950e+04
7.532904e-04 9.677829e+04
7.341243e-04 9.528645e+04
6.130239e-04 9.654006e+04
4.372925e-04 9.326074e+04
3.683803e-04 9.476418e+04
2.819697e-04 8.948898e+04
1.936652e-04 9.620106e+04
1.336351e-04 9.026143e+04
1.134238e-04 9.958450e+04
1.022557e-04 1.084175e+05
9.458073e-05 1.138938e+05
8.920586e-05 1.217274e+05
8.588424e-05 1.218254e+05
7.503957e-05 1.155688e+05
6.746300e-05 1.192878e+05
5.598342e-05 1.202829e+05
3.530354e-05 1.308909e+05
2.873785e-05 1.279057e+05
2.826524e-05 1.294363e+05
2.224084e-05 1.235311e+05
1.716510e-05 1.261959e+05
1.505867e-05 1.302341e+05
1.545837e-05 1.315581e+05
1.017993e-05 1.422243e+05
6.791138e-06 1.511632e+05
4.230162e-06 1.650482e+05
5.221617e-06 1.540735e+05
4.224980e-06 1.435520e+05
2.839038e-06 1.513375e+05
3.057655e-06 1.510057e+05
3.367388e-06 1.514791e+05
3.032763e-06 1.618575e+05
2.717736e-06 1.568847e+05
3.649255e-06 1.517917e+05
2.593724e-06 1.441223e+05
3.155503e-06 1.462771e+05
3.152548e-06 1.370498e+05
3.231532e-06 1.422908e+05
2.703051e-06 1.315559e+05
3.108606e-06 1.261140e+05
3.596558e-06 1.149078e+05
3.419681e-06 1.081315e+05
2.557968e-06 9.810855e+04
2.890289e-06 8.987207e+04
2.711612e-06 8.346190e+04
3.877050e-06 8.869115e+04
2.454536e-06 8.439117e+04
2.263741e-06 8.121367e+04
3.562382e-06 8.150282e+04
2.432004e-06 8.275278e+04
2.361152e-06 8.534063e+04
3.621432e-06 7.834582e+04
3.460541e-06 8.225723e+04
3.231177e-06 8.556292e+04
2.988487e-06 8.676303e+04
2.911742e-06 9.008614e+04
2.256488e-06 8.665691e+04
3.053933e-06 8.494705e+04
2.412367e-06 7.746236e+04
2.581166e-06 7.178293e+04
3.525716e-06 6.929079e+04
2.693662e-06 7.394520e+04
3.054026e-06 6.811327e+04
2.922937e-06 6.208389e+04
2.903862e-06 5.750183e+04
2.356851e-06 5.696118e+04
2.543214e-06 5.783617e+04
3.116175e-06 5.421845e+04
2.304153e-06 5.699104e+04
2.849207e-06 5.853930e+04
2.994913e-06 5.524197e+04
2.576352e-06 5.053020e+04
2.464526e-06 5.332991e+04
2.880628e-06 4.942332e+04
2.919184e-06 5.318986e+04
2.796623e-06 5.010316e+04
2.806470e-06 4.918862e+04
3.494578e-06 5.096835e+04
3.241569e-06 5.195082e+04
2.734891e-06 5.025262e+04
3.115578e-06 5.117361e+04
2.820441e-06 5.200343e+04
2.814849e-06 4.934555e+04
2.759503e-06 4.524652e+04
2.457762e-06 4.407581e+04
3.518457e-06 4.211490e+04
3.119615e-06 4.145103e+04
2.889093e-06 3.854731e+04
2.514687e-06 4.178443e+04
3.018082e-06 4.299016e+04
2.847834e-06 4.228920e+04
3.028894e-06 3.873538e+04
2.738685e-06 3.764211e+04
2.918272e-06 3.573935e+04
2.875851e-06 3.571470e+04
2.708076e-06 3.334190e+04
2.413202e-06 3.308552e+04
2.445907e-06 3.465059e+04
3.106060e-06 3.743565e+04
2.974081e-06 3.535476e+04
2.159257e-06 3.451550e+04
2.480446e-06 3.260665e+04
2.349054e-06 3.503178e+04
3.122020e-06 3.743902e+04
3.101497e-06 4.064842e+04
2.991655e-06 3.938088e+04
2.764709e-06 3.682522e+04
2.715038e-06 3.542659e+04
3.153855e-06 3.474986e+04
2.781094e-06 3.261447e+04
2.740725e-06 3.582003e+04
2.898867e-06 3.335229e+04
2.127104e-06 3.356671e+04
2.127841e-06 3.479123e+04
2.111819e-06 3.649345e+04
2.634500e-06 3.456029e+04
2.990709e-06 3.560275e+04
2.731957e-06 3.744840e+04
2.858515e-06 4.109133e+04
2.850949e-06 4.090229e+04
2.620557e-06 3.874039e+04
2.672887e-06 3.598930e+04
2.688905e-06 3.476464e+04
2.385139e-06 3.793179e+04
2.527296e-06 3.859934e+04
3.027324e-06 3.730737e+04
3.187690e-06 3.883075e+04
2.993798e-06 4.023493e+04
2.265983e-06 3.763208e+04
2.257419e-06 3.994483e+04
2.671387e-06 4.308617e+04
3.314707e-06 4.095067e+04
2.811491e-06 4.488058e+04
2.196232e-06 4.829436e+04
2.707987e-06 5.310226e+04
2.473841e-06 5.022808e+04
2.108322e-06 4.565046e+04
3.099832e-06 5.007723e+04
3.086061e-06 4.691000e+04
2.611462e-06 4.293978e+04
2.651064e-06 4.507888e+04
2.746497e-06 4.205182e+04
2.835810e-06 4.574082e+04
2.728455e-06 4.352374e+04
2.329843e-06 4.608818e+04
2.586728e-06 5.053020e+04
3.224328e-06 4.674919e+04
2.222273e-06 4.684055e+04
3.114214e-06 4.898971e+04
2.130211e-06 4.689595e+04
2.975960e-06 4.345569e+04
2.749490e-06 4.269009e+04
3.116525e-06 4.523350e+04
2.637246e-06 4.759251e+04
2.580314e-06 4.320378e+04
2.843640e-06 4.406492e+04
2.933293e-06 4.389005e+04
2.389125e-06 4.471048e+04
2.562451e-06 4.897164e+04
2.943938e-06 5.226044e+04
2.870502e-06 5.247082e+04
2.773991e-06 5.526897e+04
2.676242e-06 5.612372e+04
2.558656e-06 5.514516e+04
2.324885e-06 5.821840e+04
2.339196e-06 5.382328e+04
2.692282e-06 5.577357e+04
2.554322e-06 5.688374e+04
2.764742e-06 5.729503e+04
2.655961e-06 5.365373e+04
2.358937e-06 5.345420e+04
2.366443e-06 4.894739e+04
2.940712e-06 4.654492e+04
2.336077e-06 4.683170e+04
3.074979e-06 4.622365e+04
2.905778e-06 4.415610e+04
2.871177e-06 4.594514e+04
2.971768e-06 4.276939e+04
2.003804e-06 3.964054e+04
2.952693e-06 4.070534e+04
2.985630e-06 3.861255e+04
2.566179e-06 3.974352e+04
2.307045e-06 3.705413e+04
3.176526e-06 4.027339e+04
3.234075e-06 3.706592e+04
2.163447e-06 3.905873e+04
2.399924e-06 4.143758e+04
2.317323e-06 3.834890e+04
2.487116e-06 3.981274e+04
2.508148e-06 4.241628e+04
2.680134e-06 4.081932e+04
2.456619e-06 4.052344e+04
2.908494e-06 3.929539e+04
2.480599e-06 3.998842e+04
3.024211e-06 4.325399e+04
1.996420e-06 4.150010e+04
2.877669e-06 4.585522e+04
3.108918e-06 4.290317e+04
2.770620e-06 4.556233e+04
2.218532e-06 4.510179e+04
2.573480e-06 4.902312e+04
1.989578e-06 5.383786e+04
2.638900e-06 4.949959e+04
2.563999e-06 5.262091e+04
2.507002e-06 5.724967e+04
2.701565e-06 5.823632e+04
2.639317e-06 5.569378e+04
3.051190e-06 5.285587e+04
2.261107e-06 5.089339e+04
2.352721e-06 4.781848e+04
2.384147e-06 4.613136e+04
2.486788e-06 4.876792e+04
2.343320e-06 4.833874e+04
2.680760e-06 4.704322e+04
